[-1,-6]
[-1,-11]
[-1,-16]
[-1,-21]
[-1,-26]
[-1,-31]
[-1,-36]
[-1,-41]
[-1,-46]
[-2,-7]
[-2,-12]
[-2,-17]
[-2,-22]
[-2,-27]
[-2,-32]
[-2,-37]
[-2,-42]
[-2,-47]
[-3,-8]
[-3,-13]
[-3,-18]
[-3,-23]
[-3,-28]
[-3,-33]
[-3,-38]
[-3,-43]
[-3,-48]
[-4,-9]
[-4,-14]
[-4,-19]
[-4,-24]
[-4,-29]
[-4,-34]
[-4,-39]
[-4,-44]
[-4,-49]
[-5,-10]
[-5,-15]
[-5,-20]
[-5,-25]
[-5,-30]
[-5,-35]
[-5,-40]
[-5,-45]
[-5,-50]
[-6,-1]
[-6,-11]
[-6,-16]
[-6,-21]
[-6,-26]
[-6,-31]
[-6,-36]
[-6,-41]
[-6,-46]
[-7,-2]
[-7,-12]
[-7,-17]
[-7,-22]
[-7,-27]
[-7,-32]
[-7,-37]
[-7,-42]
[-7,-47]
[-8,-3]
[-8,-13]
[-8,-18]
[-8,-23]
[-8,-28]
[-8,-33]
[-8,-38]
[-8,-43]
[-8,-48]
[-9,-4]
[-9,-14]
[-9,-19]
[-9,-24]
[-9,-29]
[-9,-34]
[-9,-39]
[-9,-44]
[-9,-49]
[-10,-5]
[-10,-15]
[-10,-20]
[-10,-25]
[-10,-30]
[-10,-35]
[-10,-40]
[-10,-45]
[-10,-50]
[-11,-1]
[-11,-6]
[-11,-16]
[-11,-21]
[-11,-26]
[-11,-31]
[-11,-36]
[-11,-41]
[-11,-46]
[-12,-2]
[-12,-7]
[-12,-17]
[-12,-22]
[-12,-27]
[-12,-32]
[-12,-37]
[-12,-42]
[-12,-47]
[-13,-3]
[-13,-8]
[-13,-18]
[-13,-23]
[-13,-28]
[-13,-33]
[-13,-38]
[-13,-43]
[-13,-48]
[-14,-4]
[-14,-9]
[-14,-19]
[-14,-24]
[-14,-29]
[-14,-34]
[-14,-39]
[-14,-44]
[-14,-49]
[-15,-5]
[-15,-10]
[-15,-20]
[-15,-25]
[-15,-30]
[-15,-35]
[-15,-40]
[-15,-45]
[-15,-50]
[-16,-1]
[-16,-6]
[-16,-11]
[-16,-21]
[-16,-26]
[-16,-31]
[-16,-36]
[-16,-41]
[-16,-46]
[-17,-2]
[-17,-7]
[-17,-12]
[-17,-22]
[-17,-27]
[-17,-32]
[-17,-37]
[-17,-42]
[-17,-47]
[-18,-3]
[-18,-8]
[-18,-13]
[-18,-23]
[-18,-28]
[-18,-33]
[-18,-38]
[-18,-43]
[-18,-48]
[-19,-4]
[-19,-9]
[-19,-14]
[-19,-24]
[-19,-29]
[-19,-34]
[-19,-39]
[-19,-44]
[-19,-49]
[-20,-5]
[-20,-10]
[-20,-15]
[-20,-25]
[-20,-30]
[-20,-35]
[-20,-40]
[-20,-45]
[-20,-50]
[-21,-1]
[-21,-6]
[-21,-11]
[-21,-16]
[-21,-26]
[-21,-31]
[-21,-36]
[-21,-41]
[-21,-46]
[-22,-2]
[-22,-7]
[-22,-12]
[-22,-17]
[-22,-27]
[-22,-32]
[-22,-37]
[-22,-42]
[-22,-47]
[-23,-3]
[-23,-8]
[-23,-13]
[-23,-18]
[-23,-28]
[-23,-33]
[-23,-38]
[-23,-43]
[-23,-48]
[-24,-4]
[-24,-9]
[-24,-14]
[-24,-19]
[-24,-29]
[-24,-34]
[-24,-39]
[-24,-44]
[-24,-49]
[-25,-5]
[-25,-10]
[-25,-15]
[-25,-20]
[-25,-30]
[-25,-35]
[-25,-40]
[-25,-45]
[-25,-50]
[-26,-1]
[-26,-6]
[-26,-11]
[-26,-16]
[-26,-21]
[-26,-31]
[-26,-36]
[-26,-41]
[-26,-46]
[-27,-2]
[-27,-7]
[-27,-12]
[-27,-17]
[-27,-22]
[-27,-32]
[-27,-37]
[-27,-42]
[-27,-47]
[-28,-3]
[-28,-8]
[-28,-13]
[-28,-18]
[-28,-23]
[-28,-33]
[-28,-38]
[-28,-43]
[-28,-48]
[-29,-4]
[-29,-9]
[-29,-14]
[-29,-19]
[-29,-24]
[-29,-34]
[-29,-39]
[-29,-44]
[-29,-49]
[-30,-5]
[-30,-10]
[-30,-15]
[-30,-20]
[-30,-25]
[-30,-35]
[-30,-40]
[-30,-45]
[-30,-50]
[-31,-1]
[-31,-6]
[-31,-11]
[-31,-16]
[-31,-21]
[-31,-26]
[-31,-36]
[-31,-41]
[-31,-46]
[-32,-2]
[-32,-7]
[-32,-12]
[-32,-17]
[-32,-22]
[-32,-27]
[-32,-37]
[-32,-42]
[-32,-47]
[-33,-3]
[-33,-8]
[-33,-13]
[-33,-18]
[-33,-23]
[-33,-28]
[-33,-38]
[-33,-43]
[-33,-48]
[-34,-4]
[-34,-9]
[-34,-14]
[-34,-19]
[-34,-24]
[-34,-29]
[-34,-39]
[-34,-44]
[-34,-49]
[-35,-5]
[-35,-10]
[-35,-15]
[-35,-20]
[-35,-25]
[-35,-30]
[-35,-40]
[-35,-45]
[-35,-50]
[-36,-1]
[-36,-6]
[-36,-11]
[-36,-16]
[-36,-21]
[-36,-26]
[-36,-31]
[-36,-41]
[-36,-46]
[-37,-2]
[-37,-7]
[-37,-12]
[-37,-17]
[-37,-22]
[-37,-27]
[-37,-32]
[-37,-42]
[-37,-47]
[-38,-3]
[-38,-8]
[-38,-13]
[-38,-18]
[-38,-23]
[-38,-28]
[-38,-33]
[-38,-43]
[-38,-48]
[-39,-4]
[-39,-9]
[-39,-14]
[-39,-19]
[-39,-24]
[-39,-29]
[-39,-34]
[-39,-44]
[-39,-49]
[-40,-5]
[-40,-10]
[-40,-15]
[-40,-20]
[-40,-25]
[-40,-30]
[-40,-35]
[-40,-45]
[-40,-50]
[-41,-1]
[-41,-6]
[-41,-11]
[-41,-16]
[-41,-21]
[-41,-26]
[-41,-31]
[-41,-36]
[-41,-46]
[-42,-2]
[-42,-7]
[-42,-12]
[-42,-17]
[-42,-22]
[-42,-27]
[-42,-32]
[-42,-37]
[-42,-47]
[-43,-3]
[-43,-8]
[-43,-13]
[-43,-18]
[-43,-23]
[-43,-28]
[-43,-33]
[-43,-38]
[-43,-48]
[-44,-4]
[-44,-9]
[-44,-14]
[-44,-19]
[-44,-24]
[-44,-29]
[-44,-34]
[-44,-39]
[-44,-49]
[-45,-5]
[-45,-10]
[-45,-15]
[-45,-20]
[-45,-25]
[-45,-30]
[-45,-35]
[-45,-40]
[-45,-50]
[-46,-1]
[-46,-6]
[-46,-11]
[-46,-16]
[-46,-21]
[-46,-26]
[-46,-31]
[-46,-36]
[-46,-41]
[-47,-2]
[-47,-7]
[-47,-12]
[-47,-17]
[-47,-22]
[-47,-27]
[-47,-32]
[-47,-37]
[-47,-42]
[-48,-3]
[-48,-8]
[-48,-13]
[-48,-18]
[-48,-23]
[-48,-28]
[-48,-33]
[-48,-38]
[-48,-43]
[-49,-4]
[-49,-9]
[-49,-14]
[-49,-19]
[-49,-24]
[-49,-29]
[-49,-34]
[-49,-39]
[-49,-44]
[-50,-5]
[-50,-10]
[-50,-15]
[-50,-20]
[-50,-25]
[-50,-30]
[-50,-35]
[-50,-40]
[-50,-45]
[-1,-2]
[-1,-3]
[-1,-4]
[-1,-5]
[-2,-1]
[-2,-3]
[-2,-4]
[-2,-5]
[-3,-1]
[-3,-2]
[-3,-4]
[-3,-5]
[-4,-1]
[-4,-2]
[-4,-3]
[-4,-5]
[-5,-1]
[-5,-2]
[-5,-3]
[-5,-4]
[-6,-7]
[-6,-8]
[-6,-9]
[-6,-10]
[-7,-6]
[-7,-8]
[-7,-9]
[-7,-10]
[-8,-6]
[-8,-7]
[-8,-9]
[-8,-10]
[-9,-6]
[-9,-7]
[-9,-8]
[-9,-10]
[-10,-6]
[-10,-7]
[-10,-8]
[-10,-9]
[-11,-12]
[-11,-13]
[-11,-14]
[-11,-15]
[-12,-11]
[-12,-13]
[-12,-14]
[-12,-15]
[-13,-11]
[-13,-12]
[-13,-14]
[-13,-15]
[-14,-11]
[-14,-12]
[-14,-13]
[-14,-15]
[-15,-11]
[-15,-12]
[-15,-13]
[-15,-14]
[-16,-17]
[-16,-18]
[-16,-19]
[-16,-20]
[-17,-16]
[-17,-18]
[-17,-19]
[-17,-20]
[-18,-16]
[-18,-17]
[-18,-19]
[-18,-20]
[-19,-16]
[-19,-17]
[-19,-18]
[-19,-20]
[-20,-16]
[-20,-17]
[-20,-18]
[-20,-19]
[-21,-22]
[-21,-23]
[-21,-24]
[-21,-25]
[-22,-21]
[-22,-23]
[-22,-24]
[-22,-25]
[-23,-21]
[-23,-22]
[-23,-24]
[-23,-25]
[-24,-21]
[-24,-22]
[-24,-23]
[-24,-25]
[-25,-21]
[-25,-22]
[-25,-23]
[-25,-24]
[-26,-27]
[-26,-28]
[-26,-29]
[-26,-30]
[-27,-26]
[-27,-28]
[-27,-29]
[-27,-30]
[-28,-26]
[-28,-27]
[-28,-29]
[-28,-30]
[-29,-26]
[-29,-27]
[-29,-28]
[-29,-30]
[-30,-26]
[-30,-27]
[-30,-28]
[-30,-29]
[-31,-32]
[-31,-33]
[-31,-34]
[-31,-35]
[-32,-31]
[-32,-33]
[-32,-34]
[-32,-35]
[-33,-31]
[-33,-32]
[-33,-34]
[-33,-35]
[-34,-31]
[-34,-32]
[-34,-33]
[-34,-35]
[-35,-31]
[-35,-32]
[-35,-33]
[-35,-34]
[-36,-37]
[-36,-38]
[-36,-39]
[-36,-40]
[-37,-36]
[-37,-38]
[-37,-39]
[-37,-40]
[-38,-36]
[-38,-37]
[-38,-39]
[-38,-40]
[-39,-36]
[-39,-37]
[-39,-38]
[-39,-40]
[-40,-36]
[-40,-37]
[-40,-38]
[-40,-39]
[-41,-42]
[-41,-43]
[-41,-44]
[-41,-45]
[-42,-41]
[-42,-43]
[-42,-44]
[-42,-45]
[-43,-41]
[-43,-42]
[-43,-44]
[-43,-45]
[-44,-41]
[-44,-42]
[-44,-43]
[-44,-45]
[-45,-41]
[-45,-42]
[-45,-43]
[-45,-44]
[-46,-47]
[-46,-48]
[-46,-49]
[-46,-50]
[-47,-46]
[-47,-48]
[-47,-49]
[-47,-50]
[-48,-46]
[-48,-47]
[-48,-49]
[-48,-50]
[-49,-46]
[-49,-47]
[-49,-48]
[-49,-50]
[-50,-46]
[-50,-47]
[-50,-48]
[-50,-49]
[-1,-11]
[-1,-12]
[-1,-13]
[-1,-14]
[-1,-15]
[-2,-11]
[-2,-12]
[-2,-13]
[-2,-14]
[-2,-15]
[-3,-11]
[-3,-12]
[-3,-13]
[-3,-14]
[-3,-15]
[-4,-11]
[-4,-12]
[-4,-13]
[-4,-14]
[-4,-15]
[-5,-11]
[-5,-12]
[-5,-13]
[-5,-14]
[-5,-15]
[-6,-26]
[-6,-27]
[-6,-28]
[-6,-29]
[-6,-30]
[-7,-26]
[-7,-27]
[-7,-28]
[-7,-29]
[-7,-30]
[-8,-26]
[-8,-27]
[-8,-28]
[-8,-29]
[-8,-30]
[-9,-26]
[-9,-27]
[-9,-28]
[-9,-29]
[-9,-30]
[-10,-26]
[-10,-27]
[-10,-28]
[-10,-29]
[-10,-30]
[-11,-1]
[-11,-2]
[-11,-3]
[-11,-4]
[-11,-5]
[-12,-1]
[-12,-2]
[-12,-3]
[-12,-4]
[-12,-5]
[-13,-1]
[-13,-2]
[-13,-3]
[-13,-4]
[-13,-5]
[-14,-1]
[-14,-2]
[-14,-3]
[-14,-4]
[-14,-5]
[-15,-1]
[-15,-2]
[-15,-3]
[-15,-4]
[-15,-5]
[-16,-31]
[-16,-32]
[-16,-33]
[-16,-34]
[-16,-35]
[-17,-31]
[-17,-32]
[-17,-33]
[-17,-34]
[-17,-35]
[-18,-31]
[-18,-32]
[-18,-33]
[-18,-34]
[-18,-35]
[-19,-31]
[-19,-32]
[-19,-33]
[-19,-34]
[-19,-35]
[-20,-31]
[-20,-32]
[-20,-33]
[-20,-34]
[-20,-35]
[-21,-41]
[-21,-42]
[-21,-43]
[-21,-44]
[-21,-45]
[-22,-41]
[-22,-42]
[-22,-43]
[-22,-44]
[-22,-45]
[-23,-41]
[-23,-42]
[-23,-43]
[-23,-44]
[-23,-45]
[-24,-41]
[-24,-42]
[-24,-43]
[-24,-44]
[-24,-45]
[-25,-41]
[-25,-42]
[-25,-43]
[-25,-44]
[-25,-45]
[-26,-6]
[-26,-7]
[-26,-8]
[-26,-9]
[-26,-10]
[-27,-6]
[-27,-7]
[-27,-8]
[-27,-9]
[-27,-10]
[-28,-6]
[-28,-7]
[-28,-8]
[-28,-9]
[-28,-10]
[-29,-6]
[-29,-7]
[-29,-8]
[-29,-9]
[-29,-10]
[-30,-6]
[-30,-7]
[-30,-8]
[-30,-9]
[-30,-10]
[-31,-16]
[-31,-17]
[-31,-18]
[-31,-19]
[-31,-20]
[-32,-16]
[-32,-17]
[-32,-18]
[-32,-19]
[-32,-20]
[-33,-16]
[-33,-17]
[-33,-18]
[-33,-19]
[-33,-20]
[-34,-16]
[-34,-17]
[-34,-18]
[-34,-19]
[-34,-20]
[-35,-16]
[-35,-17]
[-35,-18]
[-35,-19]
[-35,-20]
[-36,-46]
[-36,-47]
[-36,-48]
[-36,-49]
[-36,-50]
[-37,-46]
[-37,-47]
[-37,-48]
[-37,-49]
[-37,-50]
[-38,-46]
[-38,-47]
[-38,-48]
[-38,-49]
[-38,-50]
[-39,-46]
[-39,-47]
[-39,-48]
[-39,-49]
[-39,-50]
[-40,-46]
[-40,-47]
[-40,-48]
[-40,-49]
[-40,-50]
[-41,-21]
[-41,-22]
[-41,-23]
[-41,-24]
[-41,-25]
[-42,-21]
[-42,-22]
[-42,-23]
[-42,-24]
[-42,-25]
[-43,-21]
[-43,-22]
[-43,-23]
[-43,-24]
[-43,-25]
[-44,-21]
[-44,-22]
[-44,-23]
[-44,-24]
[-44,-25]
[-45,-21]
[-45,-22]
[-45,-23]
[-45,-24]
[-45,-25]
[-46,-36]
[-46,-37]
[-46,-38]
[-46,-39]
[-46,-40]
[-47,-36]
[-47,-37]
[-47,-38]
[-47,-39]
[-47,-40]
[-48,-36]
[-48,-37]
[-48,-38]
[-48,-39]
[-48,-40]
[-49,-36]
[-49,-37]
[-49,-38]
[-49,-39]
[-49,-40]
[-50,-36]
[-50,-37]
[-50,-38]
[-50,-39]
[-50,-40]
[-1,17,22]
[-2,18,23]
[-3,19,24]
[-4,20,25]
[-6,32,37]
[-7,33,38]
[-8,34,39]
[-9,35,40]
[-11,7]
[-12,8]
[-13,9]
[-14,10]
[-16,27,37]
[-17,28,38]
[-18,29,39]
[-19,30,40]
[-21,47]
[-22,48]
[-23,49]
[-24,50]
[-26,2]
[-27,3]
[-28,4]
[-29,5]
[-31,12,22]
[-32,13,23]
[-33,14,24]
[-34,15,25]
[-36,42]
[-37,43]
[-38,44]
[-39,45]
[-41,12,17]
[-42,13,18]
[-43,14,19]
[-44,15,20]
[-46,27,32]
[-47,28,33]
[-48,29,34]
[-49,30,35]